12	7
6.941035	6.594024	5.255499	6.022843	1.905012	3.982641	2.255238	
8.616304	3.553598	0.346169	9.846169	2.211802	5.065444	9.790405	
1.221051	8.117500	2.664202	1.969778	9.638667	9.947484	9.440579	
3.073209	5.667721	9.064464	7.734426	5.901726	8.272815	5.165018	
5.713144	4.522329	6.121736	2.654180	1.116353	1.377235	8.677022	
3.021365	5.359876	0.932260	1.637669	8.913474	1.278428	1.483837	
1.125276	6.343872	1.274242	2.346327	4.461373	3.938444	4.316105	
4.100040	3.885929	3.756684	7.173249	9.553649	2.821149	4.907676	
5.455375	1.093964	0.072694	1.168519	5.616293	6.194430	3.822699	
6.732646	7.571666	2.499721	9.754011	2.931542	3.431981	1.391680	
1.845016	4.710409	2.875517	2.970293	1.054282	4.149759	5.316620	
5.515655	8.088203	9.632725	9.615695	1.974132	3.389409	6.788944	
